 0.6025750130397782, 0.001057509745543952
 0.6027403875253395, 0.001167557049791564
 0.6029057620109008, 0.0013049515920253276
 0.6030711364964622, 0.0014303572321945927
 0.6032365109820235, 0.001509024356786053
 0.6034018854675849, 0.0015275868450657436
 0.6035672599531462, 0.001502592719638123
 0.6037326344387075, 0.0014762885538748183
 0.6038980089242688, 0.0015005489318088263
 0.6040633834098301, 0.0016152572438673878
 0.6042287578953914, 0.0018304743434374587
 0.6043941323809527, 0.002120814810598624
 0.604559506866514, 0.0024356642654589948
 0.6047248813520754, 0.002722035236913176
 0.6048902558376367, 0.0029508656486780345
 0.605055630323198, 0.003135170913918667
 0.6052210048087593, 0.0033310453877480393
 0.6053863792943207, 0.0036193378839696902
 0.605551753779882, 0.004074208793516645
 0.6057171282654433, 0.004731108424165636
 0.6058825027510046, 0.005568014355631205
 0.606047877236566, 0.006509049866380994
 0.6062132517221273, 0.00745049618749067
 0.6063786262076886, 0.008299412258667918
 0.6065440006932499, 0.009008885703820241
 0.6067093751788112, 0.00959438081217499
 0.6068747496643725, 0.010123022605471307
 0.6070401241499338, 0.010679191916152062
 0.6072054986354951, 0.011320667501204366
 0.6073708731210565, 0.012044832324173752
 0.6075362476066178, 0.012781374901072715
 0.6077016220921792, 0.013417202312679562
 0.6078669965777405, 0.013845147246032545
 0.6080323710633018, 0.014016562325928714
 0.6081977455488631, 0.013974407191776048
 0.6083631200344244, 0.013850146790974651
 0.6085284945199857, 0.013822508453482171
 0.608693869005547, 0.014052955769862187
 0.6088592434911083, 0.01462430082411675
 0.6090246179766696, 0.015509630701637061
 0.609189992462231, 0.01658748870386525
 0.6093553669477924, 0.01770008966977631
 0.6095207414333537, 0.018732163886442315
 0.609686115918915, 0.0196773287515523
 0.6098514904044763, 0.020662061498473647
 0.6100168648900376, 0.021913999638138663
 0.6101822393755989, 0.023685000192903594
 0.6103476138611602, 0.026160081510560616
 0.6105129883467215, 0.02939156564918905
 0.6106783628322828, 0.03328880789088611
 0.6108437373178441, 0.037670530510609646
 0.6110091118034054, 0.04235836208923094
 0.6111744862889669, 0.047269167846509516
 0.6113398607745282, 0.05246033277497037
 0.6115052352600895, 0.05809951978321588
 0.6116706097456508, 0.06436272982884804
 0.6118359842312121, 0.07129867268922972
 0.6120013587167734, 0.0787183778366187
 0.6121667332023347, 0.08616593814671827
 0.612332107687896, 0.09299813993937356
 0.6124974821734573, 0.09855724945319705
 0.6126628566590187, 0.10237975414162259
 0.61282823114458, 0.10436245548431294
 0.6129936056301414, 0.10481697229188797
 0.6131589801157027, 0.1043830376206337
 0.613324354601264, 0.1038257650888759
 0.6134897290868253, 0.10379042759773051
 0.6136551035723866, 0.10460942959537255
 0.6138204780579479, 0.10623932554852067
 0.6139858525435092, 0.10835558015763294
 0.6141512270290705, 0.11056838997431488
 0.6143166015146319, 0.11267070434583748
 0.6144819760001932, 0.11481251579388604
 0.6146473504857545, 0.11752291890224209
 0.6148127249713158, 0.12156427503056214
 0.6149780994568772, 0.12767615126619375
 0.6151434739424385, 0.13631938469682428
 0.6153088484279998, 0.14753822559392465
 0.6154742229135611, 0.16101427885845437
 0.6156395973991224, 0.17630499423011078
 0.6158049718846837, 0.19317386983501755
 0.6159703463702451, 0.21186603735080628
 0.6161357208558064, 0.233187531519131
 0.6163010953413677, 0.25831286274841203
 0.616466469826929, 0.28835138509967273
 0.6166318443124903, 0.3238079403762057
 0.6167972187980517, 0.36413409200179614
 0.616962593283613, 0.407554513911764
 0.6171279677691743, 0.4512678313612435
 0.6172933422547356, 0.4919910615755776
 0.617458716740297, 0.5266900804478596
 0.6176240912258583, 0.5532647599582461
 0.6177894657114196, 0.570967427795563
 0.6179548401969809, 0.5804260729379455
 0.6181202146825422, 0.583285517794007
 0.6182855891681035, 0.5816165167643365
 0.6184509636536648, 0.5773210718687138
 0.6186163381392261, 0.5717510526288245
 0.6187817126247875, 0.5656607238226266
 0.6189470871103488, 0.5594708107493741
 0.6191124615959102, 0.553690630265202
 0.6192778360814715, 0.5492801095723302
 0.6194432105670328, 0.5477633427322188
 0.6196085850525941, 0.5510190540620021
 0.6197739595381554, 0.5608246854428248
 0.6199393340237167, 0.5783558620569729
 0.620104708509278, 0.6038859705277222
 0.6202700829948393, 0.6368674280355914
 0.6204354574804006, 0.6764259469571126
 0.6206008319659619, 0.722118111297946
 0.6207662064515234, 0.7746635553452677
 0.6209315809370847, 0.8363263846317125
 0.621096955422646, 0.9107096007887646
 0.6212623299082073, 1.0019165823587088
 0.6214277043937686, 1.113260066580774
 0.6215930788793299, 1.2458796033244177
 0.6217584533648912, 1.3976949609692504
 0.6219238278504525, 1.5630471828430945
 0.6220892023360138, 1.733183780397642
 0.6222545768215751, 1.897495874577448
 0.6224199513071365, 2.045197745344613
 0.6225853257926979, 2.167025565137888
 0.6227507002782592, 2.256555734435457
 0.6229160747638205, 2.3108879192087093
 0.6230814492493818, 2.3306451791468668
 0.6232468237349431, 2.3194364204773272
 0.6234121982205044, 2.2830389975343657
 0.6235775727060657, 2.2285615541541928
 0.623742947191627, 2.163754537765167
 0.6239083216771883, 2.0965005658391265
 0.6240736961627497, 2.034405170902435
 0.624239070648311, 1.9843722546503164
 0.6244044451338723, 1.9521033659257891
 0.6245698196194337, 1.941577903353532
 0.624735194104995, 1.9546924311444445
 0.6249005685905563, 1.9912938550240025
 0.6250659430761176, 2.0497871029364267
 0.6252313175616789, 2.1283304574148922
 0.6253966920472402, 2.226397347119818
 0.6255620665328016, 2.346264926104448
 0.6257274410183629, 2.49387782670867
 0.6258928155039242, 2.6785951568756445
 0.6260581899894855, 2.9115726054568434
 0.6262235644750468, 3.2029088059505932
 0.6263889389606081, 3.558092850384295
 0.6265543134461695, 3.9746019444215834
 0.6267196879317308, 4.439604761643732
 0.6268850624172921, 4.929570171641478
 0.6270504369028534, 5.412180978001145
 0.6272158113884148, 5.850401492484924
 0.6273811858739761, 6.207991108948354
 0.6275465603595374, 6.455349220921157
 0.6277119348450987, 6.574440207954642
 0.62787730933066, 6.5617283611257005
 0.6280426838162213, 6.42850947115358
 0.6282080583017826, 6.198636608382149
 0.628373432787344, 5.904235632804738
 0.6285388072729053, 5.580429023959351
 0.6287041817584667, 5.260226418987316
 0.628869556244028, 4.970575421783046
 0.6290349307295893, 4.730167774153406
 0.6292003052151506, 4.549102204121762
 0.6293656797007119, 4.430074016128999
 0.6295310541862732, 4.370515272369268
 0.6296964286718345, 4.365093117455999
 0.6298618031573958, 4.408140971163834
 0.6300271776429571, 4.495831570098012
 0.6301925521285184, 4.62806591759388
 0.6303579266140799, 4.81005254999493
 0.6305233010996412, 5.0533794557373
 0.6306886755852025, 5.376129465569669
 0.6308540500707638, 5.801421883136156
 0.6310194245563251, 6.353844771183511
 0.6311847990418864, 7.053664037078972
 0.6313501735274477, 7.909411809467425
 0.631515548013009, 8.910273547271817
 0.6316809224985703, 10.020315738125001
 0.6318462969841316, 11.176725598567696
 0.632011671469693, 12.293686538221834
 0.6321770459552543, 13.272311177624934
 0.6323424204408157, 14.01545721187026
 0.632507794926377, 14.444703045475496
 0.6326731694119383, 14.51575691489727
 0.6328385438974996, 14.228502107767632
 0.6330039183830609, 13.628874300999666
 0.6331692928686222, 12.801632463854853
 0.6333346673541835, 11.855340049993373
 0.6335000418397448, 10.90288316343724
 0.6336654163253062, 10.04202553951815
 0.6338307908108675, 9.340480138412605
 0.6339961652964288, 8.8287620524084
 0.6341615397819902, 8.502033917526346
 0.6343269142675515, 8.329863190411075
 0.6344922887531128, 8.270929109146836
 0.6346576632386741, 8.288736367970396
 0.6348230377242354, 8.364498942453416
 0.6349884122097967, 8.504398128863544
 0.635153786695358, 8.739984597835374
 0.6353191611809194, 9.122085441952715
 0.6354845356664807, 9.709784884076523
 0.635649910152042, 10.556679832999661
 0.6358152846376033, 11.696719979318077
 0.6359806591231647, 13.131741851798457
 0.636146033608726, 14.822534199472322
 0.6363114080942873, 16.685048917002366
 0.6364767825798486, 18.593134111639618
 0.6366421570654099, 20.388704210103803
 0.6368075315509713, 21.899351359242004
 0.6369729060365326, 22.96196934872489
 0.6371382805220939, 23.449206291636425
 0.6373036550076552, 23.29396908036704
 0.6374690294932165, 22.5064089597103
 0.6376344039787778, 21.178380126690215
 0.6377997784643391, 19.47250097731017
 0.6379651529499004, 17.59636874838855
 0.6381305274354618, 15.76637698907129
 0.6382959019210231, 14.168835480413167
 0.6384612764065845, 12.927592392136553
 0.6386266508921458, 12.086416664439689
 0.6387920253777071, 11.611019967862624
 0.6389573998632684, 11.410559881848606
 0.6391227743488297, 11.373136607835118
 0.639288148834391, 11.405734337608017
 0.6394535233199523, 11.46752909644491
 0.6396188978055136, 11.58703887210172
 0.6397842722910749, 11.857868260991193
 0.6399496467766363, 12.413616196819843
 0.6401150212621977, 13.38822369167184
 0.640280395747759, 14.872031059590917
 0.6404457702333203, 16.875009732227298
 0.6406111447188816, 19.30678667323055
 0.6407765192044429, 21.978813727824523
 0.6409418936900042, 24.628606452784034
 0.6411072681755655, 26.960859645618527
 0.6412726426611268, 28.696683846533592
 0.6414380171466881, 29.620888956938145
 0.6416033916322494, 29.618193778197206
 0.6417687661178109, 28.69193659103064
 0.6419341406033722, 26.962482328597204
 0.6420995150889335, 24.646245499463177
 0.6422648895744948, 22.01946029685474
 0.6424302640600561, 19.373185291828346
 0.6425956385456174, 16.96738428164323
 0.6427610130311787, 14.992202105007628
 0.64292638751674, 13.543657943459088
 0.6430917620023013, 12.618806619943072
 0.6432571364878626, 12.131992843109437
 0.643422510973424, 11.949469396957298
 0.6435878854589853, 11.935113143090586
 0.6437532599445467, 11.99636893700854
 0.643918634430108, 12.118111342221699
 0.6440840089156693, 12.37376497930681
 0.6442493834012306, 12.907955858433212
 0.6444147578867919, 13.892355530752742
 0.6445801323723532, 15.46443348264942
 0.6447455068579145, 17.665194831654844
 0.6449108813434759, 20.394426520296125
 0.6450762558290372, 23.399187325310653
 0.6452416303145985, 26.303422341076114
 0.6454070048001598, 28.67546643595965
 0.6455723792857211, 30.11887979591352
 0.6457377537712825, 30.36398308655451
 0.6459031282568438, 29.335394777073695
 0.6460685027424051, 27.175939283761643
 0.6462338772279664, 24.21846914304325
 0.6463992517135277, 20.911427383115814
 0.646564626199089, 17.717214212234424
 0.6467300006846504, 15.010560006216839
 0.6468953751702117, 13.004478467226102
 0.647060749655773, 11.723610211022413
 0.6472261241413343, 11.031003141636377
 0.6473914986268956, 10.698664842854122
 0.647556873112457, 10.499315269675135
 0.6477222475980183, 10.290639203421396
 0.6478876220835796, 10.065921958790888
 0.648052996569141, 9.955507540514926
 0.6482183710547023, 10.17883198449552
 0.6483837455402636, 10.962157256613033
 0.6485491200258249, 12.447841761592908
 0.6487144945113862, 14.623761011068833
 0.6488798689969475, 17.295527779220542
 0.6490452434825088, 20.111342624035515
 0.6492106179680701, 22.633602190257413
 0.6493759924536315, 24.43759731126673
 0.6495413669391928, 25.209868168731894
 0.6497067414247542, 24.819246612275506
 0.6498721159103155, 23.341951456930502
 0.6500374903958768, 21.035588156953047
 0.6502028648814381, 18.2713598147998
 0.6503682393669994, 15.444914980643183
 0.6505336138525607, 12.890921751457606
 0.650698988338122, 10.82363302278861
 0.6508643628236833, 9.316653822786842
 0.6510297373092446, 8.322887044433774
 0.6511951117948059, 7.724030912124045
 0.6513604862803672, 7.3914075669036485
 0.6515258607659287, 7.238269466027919
 0.65169123525149, 7.248096812440506
 0.6518566097370513, 7.472016921349038
 0.6520219842226126, 7.99847210758728
 0.6521873587081739, 8.906586633299675
 0.6523527331937352, 10.219030913553201
 0.6525181076792965, 11.869608235200884
 0.6526834821648578, 13.695861388914981
 0.6528488566504191, 15.459474595560028
 0.6530142311359804, 16.88945081403478
 0.6531796056215418, 17.737129915450286
 0.6533449801071032, 17.829477005555212
 0.6535103545926645, 17.1080610419534
 0.6536757290782258, 15.645111476603404
 0.6538411035637871, 13.633662194259982
 0.6540064780493484, 11.35453374204312
 0.6541718525349097, 9.127457693603162
 0.654337227020471, 7.256212444648755
 0.6545026015060323, 5.978012483401852
 0.6546679759915937, 5.425863355986379
 0.654833350477155, 5.609746202425526
 0.6549987249627163, 6.418994546691733
 0.6551640994482777, 7.644668492027181
 0.655329473933839, 9.017584157823373
 0.6554948484194003, 10.25526757138801
 0.6556602229049616, 11.109740868384637
 0.6558255973905229, 11.407919139723624
 0.6559909718760842, 11.077606628129594
 0.6561563463616455, 10.154570263289816
 0.6563217208472069, 8.769633352229903
 0.6564870953327682, 7.1186032539881
 0.6566524698183295, 5.421353198758354
 0.6568178443038908, 3.8787055967307618
 0.6569832187894521, 2.636270858520842
 0.6571485932750134, 1.7628233663194084
 0.6573139677605748, 1.247397069719332
 0.6574793422461361, 1.0148105154632199
 0.6576447167316974, 0.9548765718172905
 0.6578100912172588, 0.9572653667351142
 0.6579754657028201, 0.9427573393969854
 0.6581408401883814, 0.8828073848920734
 0.6583062146739427, 0.8026508141489423
 0.658471589159504, 0.767737662308045
 0.6586369636450653, 0.8578492912868692
 0.6588023381306266, 1.136584017734284
 0.6589677126161879, 1.6250903981769604
 0.6591330871017493, 2.287667997941535
 0.6592984615873106, 3.0335178644488927
 0.659463836072872, 3.7344516459701387
 0.6596292105584333, 4.254001309645418
 0.6597945850439946, 4.480298750308394
 0.6599599595295559, 4.354120845623271
 0.6601253340151172, 3.8848298567523316
 0.6602907085006785, 3.1501575834598734
 0.6604560829862398, 2.2799682005000554
 0.6606214574718011, 1.428152283627753
 0.6607868319573624, 0.7396144273254589
 0.6609522064429239, 0.32025284171256063
 0.6611175809284852, 0.216753579182261
 0.6612829554140465, 0.41032730423797614
 0.6614483298996078, 0.8249850516989268
 0.6616137043851691, 1.347518804386464
 0.6617790788707304, 1.853859968951293
 0.6619444533562917, 2.2354638355170224
 0.662109827841853, 2.41992706107464
 0.6622752023274143, 2.3819020533273876
 0.6624405768129756, 2.1429523077888146
 0.6626059512985369, 1.7616080023096385
 0.6627713257840983, 1.3169127083113628
 0.6629367002696597, 0.8897942036658659
 0.663102074755221, 0.5465247833020317
 0.6632674492407823, 0.3275167597146222
 0.6634328237263436, 0.24308780174338515
 0.6635981982119049, 0.2760784274627355
 0.6637635726974662, 0.38973023020164194
 0.6639289471830275, 0.5383329873457384
 0.6640943216685888, 0.6779400806718661
 0.6642596961541501, 0.7748752347384437
 0.6644250706397115, 0.8106132430272149
 0.6645904451252728, 0.7826473190235037
 0.6647558196108341, 0.7018939996787457
 0.6649211940963955, 0.5878359377926891
 0.6650865685819568, 0.46286686185038184
 0.6652519430675181, 0.3471914331652572
 0.6654173175530794, 0.25524151316566235
 0.6655826920386407, 0.19404306648435182
 0.665748066524202, 0.1634527381542125
 0.6659134410097634, 0.15779610487839973
 0.6660788154953247, 0.16824262489161032
 0.666244189980886, 0.18524889591864285
 0.6664095644664473, 0.20054839757527398
 0.6665749389520086, 0.20839283259287533
 0.66674031343757, 0.20598511342681491
 0.6669056879231313, 0.19323062511096303
 0.6670710624086926, 0.17204154044246972
 0.6672364368942539, 0.14545562052903604
 0.6674018113798152, 0.11679350586493396
 0.6675671858653766, 0.08900458853357635
 0.6677325603509379, 0.06426889983739657
 0.6678979348364992, 0.043851907723239866
 0.6680633093220605, 0.028161758510734717
 0.6682286838076218, 0.01693631755305184
 0.6683940582931831, 0.009486193072953989
 0.6685594327787445, 0.004932814711837343
 0.6687248072643057, 0.0024005169723083477
 0.6688901817498671, 0.0011427262284500039
 0.6690555562354285, 0.0006008022256266916
 0.6692209307209898, 0.00040747307744356186
 0.6693863052065511, 0.00035408503264365115
 0.6695516796921124, 0.00034217466653220984
 0.6697170541776737, 0.0003363023800852069
 0.669882428663235, 0.00032860451943155205
 0.6700478031487963, 0.00031842749765216436
 0.6702131776343576, 0.0003047566048307002
 0.6703785521199189, 0.00028619316816990066
 0.6705439266054802, 0.000263118172585326
 0.6707093010910417, 0.00023857656466680344
 0.670874675576603, 0.00021697396621002122
 0.6710400500621643, 0.00020163522579204387
 0.6712054245477256, 0.00019294463227770091
 0.6713707990332869, 0.00018822604842428276
 0.6715361735188482, 0.0001833460239729319
 0.6717015480044095, 0.00017501486249344334
 0.6718669224899708, 0.000162456324243482
 0.6720322969755321, 0.00014758707248416295
 0.6721976714610934, 0.00013373891524358085
 0.6723630459466547, 0.00012373963432766216
 0.6725284204322162, 0.00011843441078539204
 0.6726937949177775, 0.00011639288848116438
 0.6728591694033388, 0.00011484790263910897
 0.6730245438889001, 0.00011125659145314263
 0.6731899183744614, 0.00010460355058214902
 0.6733552928600227, 9.578346167807164e-05
 0.673520667345584, 8.694566222473032e-05
 0.6736860418311453, 8.023873584563581e-05
 0.6738514163167066, 7.666781264739953e-05
 0.674016790802268, 7.565369250482097e-05
 0.6741821652878293, 7.546256130439306e-05
 0.6743475397733907, 7.420454521449356e-05
 0.674512914258952, 7.082862164360143e-05
 0.6746782887445133, 6.559362137514587e-05
 0.6748436632300746, 5.981414807159923e-05
 0.6750090377156359, 5.507631104630617e-05
 0.6751744122011972, 5.23781534076167e-05
 0.6753397866867585, 5.1650059661281505e-05
 0.6755051611723198, 5.187352928978908e-05
 0.6756705356578812, 5.168622398866288e-05
 0.6758359101434425, 5.011710133965034e-05
 0.6760012846290038, 4.705738620768743e-05
 0.6761666591145651, 4.324350307408675e-05
 0.6763320336001264, 3.980080135546662e-05
 0.6764974080856878, 3.7621618322015115e-05
 0.6766627825712491, 3.691511246335805e-05
 0.6768281570568104, 3.71494433486671e-05
 0.6769935315423717, 3.738485089321039e-05
 0.677158906027933, 3.679294914910401e-05
 0.6773242805134944, 3.5077136429637955e-05
 0.6774896549990557, 3.2583238229933837e-05
 0.677655029484617, 3.0067323675275373e-05
 0.6778204039701783, 2.8268425544705205e-05
 0.6779857784557396, 2.752357765681227e-05
 0.6781511529413009, 2.762189505502183e-05
 0.6783165274268623, 2.795484024103511e-05
 0.6784819019124236, 2.7861581787357476e-05
 0.6786472763979849, 2.69749917429347e-05
 0.6788126508835463, 2.538863718441069e-05
 0.6789780253691076, 2.3571925078392275e-05
 0.6791433998546689, 2.2096802644139914e-05
 0.6793087743402302, 2.1332209907279904e-05
 0.6794741488257915, 2.1267149845196606e-05
 0.6796395233113528, 2.154422248904434e-05
 0.6798048977969141, 2.1670168859657852e-05
 0.6799702722824754, 2.1280877635937238e-05
 0.6801356467680368, 2.0319496370577606e-05
 0.6803010212535981, 1.904206437831642e-05
 0.6804663957391595, 1.786084966381604e-05
 0.6806317702247208, 1.7118733663649345e-05
 0.6807971447102821, 1.691652769553256e-05
 0.6809625191958434, 1.707847065312129e-05
 0.6811278936814047, 1.726327579542348e-05
 0.681293268166966, 1.7152352130697923e-05
 0.6814586426525273, 1.661216764762654e-05
 0.6816240171380886, 1.5748892499440074e-05
 0.6817893916236499, 1.4835262989574152e-05
 0.6819547661092114, 1.4157049750516764e-05
 0.6821201405947726, 1.3864380701312824e-05
 0.682285515080334, 1.3904197685140848e-05
 0.6824508895658953, 1.4062520444743993e-05
 0.6826162640514566, 1.408643803900118e-05
 0.6827816385370179, 1.3816966292817735e-05
 0.6829470130225792, 1.3263546272280855e-05
 0.6831123875081405, 1.2586261248141766e-05
 0.6832777619937018, 1.2001917347634083e-05
 0.6834431364792631, 1.166807155416967e-05
 0.6836085109648244, 1.160631225490003e-05
 0.6837738854503858, 1.170124310629715e-05
 0.6839392599359471, 1.1769930373953878e-05
 0.6841046344215085, 1.1660769045293793e-05
 0.6842700089070698, 1.1328750410178431e-05
 0.6844353833926311, 1.0850290834440262e-05
 0.6846007578781924, 1.0374632394399572e-05
 0.6847661323637537, 1.004160800831969e-05
 0.684931506849315, 9.910531949318431e-06
