 0.0, 
 0.025, 1.8956337794945557
 0.05, 1.895507559780223, 2.1213123900018096
 0.07500000000000001, 1.8943339849421124, 2.1092578801304493
 0.1, 1.8927612878479247, 2.105765406872427
 0.125, 1.8464771715794004, 1.8907487673687613, 2.101000777917691
 0.15000000000000002, 0.15002832661809928, 1.88831924564411, 2.098699959069291
 0.17500000000000002, 0.1748144216829487, 1.8854520198028355, 2.0949371953520104
 0.2, 0.20012688369024567, 1.88220747309065, 2.0898045411554755
 0.225, 0.22502473250259156, 1.878622943919848, 2.0825997879043445
 0.25, 0.2500490394074342, 1.8746476684961366, 2.0776676236620752
 0.275, 0.2750383489301887, 1.8703264391750212, 2.0732102130589674
 0.30000000000000004, 0.300008542007256, 1.865643301897437, 2.067283704573541
 0.325, 0.32494882901756095, 1.8606023106089158, 2.063503860388719
 0.35000000000000003, 0.3498528632427134, 1.85537087538511, 1.9624604729581236, 2.0561193407223293, 2.13625115641303
 0.375, 0.37470671881494355, 1.8497563547800993, 2.057689638993638, 2.1346613799003813
 0.4, 0.39948577463123575, 1.843839526764057, 2.0456765580347898, 2.125995534057147
 0.42500000000000004, 0.4241631726495008, 1.8376377613478865, 2.046209480014504, 2.125362693127609
 0.45, 0.44870093205437367, 1.8311857374600349, 1.9375491169776848, 2.0344371461002897, 2.1187509454266364
 0.47500000000000003, 0.47304779023730514, 1.8241111525841796, 2.031011267867957, 2.1140415699658406
 0.5, 0.497136938038395, 1.817184877212629, 2.026135065769082, 2.111006613664323
